50
0 91 91 0 100 97 1 99 90 9 91 91 93 7 10 97 1 2 100 5 9 10 9 91 9 95 95 10 10 99 7 9 10 99 2 6 3 2 100 90 9 99 7 94 6 93 98 97 96 96 
91 0 0 95 9 7 97 2 1 91 3 7 1 92 91 8 93 94 5 90 93 91 98 0 98 1 1 92 99 7 90 93 91 7 100 93 93 98 1 1 100 1 97 3 90 8 6 10 7 9 
91 0 0 98 9 5 96 7 9 100 2 0 3 98 96 5 91 95 1 96 96 99 94 6 94 10 6 99 91 4 99 93 96 7 97 92 99 100 3 10 90 9 97 2 99 10 7 10 3 4 
0 95 98 0 92 91 10 99 93 6 90 95 94 10 8 98 8 7 90 4 2 5 8 98 10 98 99 3 1 98 10 1 3 92 3 0 9 0 90 100 7 100 8 96 3 98 98 98 97 98 
100 9 9 92 0 5 99 8 7 92 3 5 3 94 90 5 95 92 10 96 92 97 91 9 100 5 1 91 98 8 100 94 100 4 92 95 98 96 5 7 93 4 93 3 94 0 3 10 9 4 
97 7 5 91 5 0 99 2 5 91 8 10 2 91 97 7 98 91 1 100 91 98 99 4 100 6 8 96 99 1 95 93 98 3 96 95 91 94 5 6 94 1 90 6 99 10 4 3 5 10 
1 97 96 10 99 99 0 99 97 4 95 97 92 6 9 98 4 5 93 1 7 7 2 91 7 93 94 6 8 91 3 0 0 100 6 6 5 7 96 97 5 93 0 93 9 92 98 97 100 90 
99 2 7 99 8 2 99 0 9 93 8 0 1 93 97 4 97 98 1 99 97 90 95 7 97 4 2 95 90 6 91 94 95 9 99 93 91 93 4 0 98 9 94 2 91 4 9 2 9 3 
90 1 9 93 7 5 97 9 0 92 3 8 4 99 93 4 99 90 9 99 94 93 91 2 98 0 8 91 93 4 92 90 92 4 92 94 92 94 3 6 100 5 98 8 93 5 8 6 10 8 
9 91 100 6 92 91 4 93 92 0 99 93 97 2 0 98 3 10 92 9 7 0 2 97 1 93 94 3 1 96 7 0 9 91 9 10 0 9 99 98 10 98 10 92 1 91 91 95 98 97 
91 3 2 90 3 8 95 8 3 99 0 0 7 90 100 9 95 94 3 93 92 95 96 3 91 10 1 97 93 6 97 96 93 6 91 92 97 94 3 3 98 6 94 10 99 7 2 2 8 8 
91 7 0 95 5 10 97 0 8 93 0 0 8 99 100 2 98 92 10 91 98 96 96 5 92 8 7 98 90 4 92 90 91 7 98 97 97 99 8 6 99 8 95 0 98 0 0 2 7 4 
93 1 3 94 3 2 92 1 4 97 7 8 0 91 95 10 92 95 8 97 94 94 96 6 95 4 8 94 100 2 100 96 98 4 95 97 95 99 7 3 97 10 93 7 96 9 1 3 5 2 
7 92 98 10 94 91 6 93 99 2 90 99 91 0 9 99 3 7 94 9 9 3 5 100 2 91 98 2 6 94 3 9 3 94 0 9 3 2 92 91 6 98 5 93 6 96 91 97 94 92 
10 91 96 8 90 97 9 97 93 0 100 100 95 9 0 99 1 2 94 4 3 1 2 94 4 100 95 7 9 97 2 6 6 99 7 6 6 7 92 94 4 90 2 100 3 99 95 91 99 94 
97 8 5 98 5 7 98 4 4 98 9 2 10 99 99 0 92 92 5 99 96 91 93 7 100 4 4 91 90 6 95 90 95 8 91 94 92 95 3 5 92 4 99 7 92 8 3 10 10 2 
1 93 91 8 95 98 4 97 99 3 95 98 92 3 1 92 0 9 100 8 9 0 5 93 7 92 98 5 3 99 8 7 4 90 5 3 9 4 90 95 10 98 6 92 9 99 91 98 96 95 
2 94 95 7 92 91 5 98 90 10 94 92 95 7 2 92 9 0 95 4 2 4 4 94 3 97 97 0 1 90 4 7 3 91 2 8 1 9 92 90 5 94 7 93 7 100 97 94 97 100 
100 5 1 90 10 1 93 1 9 92 3 10 8 94 94 5 100 95 0 99 90 92 92 5 99 6 0 91 94 4 98 99 91 7 94 91 90 97 4 7 93 9 99 10 95 5 6 10 8 4 
5 90 96 4 96 100 1 99 99 9 93 91 97 9 4 99 8 4 99 0 8 4 10 98 0 97 95 9 1 98 9 5 10 95 6 3 8 5 90 99 9 98 10 97 8 96 98 98 90 90 
9 93 96 2 92 91 7 97 94 7 92 98 94 9 3 96 9 2 90 8 0 0 0 93 10 92 100 5 10 95 8 0 0 92 4 9 1 10 92 94 9 94 10 90 7 100 100 96 98 95 
10 91 99 5 97 98 7 90 93 0 95 96 94 3 1 91 0 4 92 4 0 0 4 93 2 94 95 5 1 98 7 0 6 93 10 10 10 10 96 94 1 92 3 96 3 94 96 97 95 94 
9 98 94 8 91 99 2 95 91 2 96 96 96 5 2 93 5 4 92 10 0 4 0 99 5 100 99 8 4 97 4 7 4 95 2 7 6 0 93 93 8 94 4 94 10 90 91 94 90 99 
91 0 6 98 9 4 91 7 2 97 3 5 6 100 94 7 93 94 5 98 93 93 99 0 92 7 5 95 91 4 99 98 96 3 99 97 99 100 6 4 100 7 95 8 100 8 4 9 3 9 
9 98 94 10 100 100 7 97 98 1 91 92 95 2 4 100 7 3 99 0 10 2 5 92 0 100 95 5 9 96 10 4 5 97 10 0 7 3 94 98 3 97 0 100 9 91 96 93 92 100 
95 1 10 98 5 6 93 4 0 93 10 8 4 91 100 4 92 97 6 97 92 94 100 7 100 0 10 100 96 0 96 93 93 9 96 90 90 99 3 8 91 0 94 2 93 5 10 2 3 2 
95 1 6 99 1 8 94 2 8 94 1 7 8 98 95 4 98 97 0 95 100 95 99 5 95 10 0 100 96 5 99 91 97 1 99 94 99 93 1 0 99 1 91 6 96 7 8 10 8 7 
10 92 99 3 91 96 6 95 91 3 97 98 94 2 7 91 5 0 91 9 5 5 8 95 5 100 100 0 8 95 1 9 2 98 3 1 1 8 94 94 7 98 1 94 8 100 91 93 100 100 
10 99 91 1 98 99 8 90 93 1 93 90 100 6 9 90 3 1 94 1 10 1 4 91 9 96 96 8 0 99 3 3 1 94 8 9 8 0 100 93 1 96 9 93 0 98 91 93 90 96 
99 7 4 98 8 1 91 6 4 96 6 4 2 94 97 6 99 90 4 98 95 98 97 4 96 0 5 95 99 0 99 96 96 9 96 92 99 92 1 5 100 0 100 9 95 0 4 3 0 6 
7 90 99 10 100 95 3 91 92 7 97 92 100 3 2 95 8 4 98 9 8 7 4 99 10 96 99 1 3 99 0 6 3 98 8 3 7 9 91 99 7 90 4 90 2 96 91 91 90 94 
9 93 93 1 94 93 0 94 90 0 96 90 96 9 6 90 7 7 99 5 0 0 7 98 4 93 91 9 3 96 6 0 0 91 9 7 9 4 92 90 1 92 4 90 9 90 92 100 91 95 
10 91 96 3 100 98 0 95 92 9 93 91 98 3 6 95 4 3 91 10 0 6 4 96 5 93 97 2 1 96 3 0 0 94 10 10 6 10 91 97 0 91 1 90 6 100 100 99 100 96 
99 7 7 92 4 3 100 9 4 91 6 7 4 94 99 8 90 91 7 95 92 93 95 3 97 9 1 98 94 9 98 91 94 0 98 96 94 96 5 6 92 3 91 4 99 7 5 8 2 0 
2 100 97 3 92 96 6 99 92 9 91 98 95 0 7 91 5 2 94 6 4 10 2 99 10 96 99 3 8 96 8 9 10 98 0 5 4 7 93 92 7 91 4 93 10 91 95 92 91 100 
6 93 92 0 95 95 6 93 94 10 92 97 97 9 6 94 3 8 91 3 9 10 7 97 0 90 94 1 9 92 3 7 10 96 5 0 6 8 100 90 1 99 5 97 2 94 90 93 96 94 
3 93 99 9 98 91 5 91 92 0 97 97 95 3 6 92 9 1 90 8 1 10 6 99 7 90 99 1 8 99 7 9 6 94 4 6 0 3 90 90 8 94 7 94 3 100 94 100 97 93 
2 98 100 0 96 94 7 93 94 9 94 99 99 2 7 95 4 9 97 5 10 10 0 100 3 99 93 8 0 92 9 4 10 96 7 8 3 0 99 95 4 97 10 98 6 93 99 100 100 96 
100 1 3 90 5 5 96 4 3 99 3 8 7 92 92 3 90 92 4 90 92 96 93 6 94 3 1 94 100 1 91 92 91 5 93 100 90 99 0 0 100 9 96 5 96 10 9 4 2 7 
90 1 10 100 7 6 97 0 6 98 3 6 3 91 94 5 95 90 7 99 94 94 93 4 98 8 0 94 93 5 99 90 97 6 92 90 90 95 0 0 90 10 97 7 93 9 0 4 5 4 
9 100 90 7 93 94 5 98 100 10 98 99 97 6 4 92 10 5 93 9 9 1 8 100 3 91 99 7 1 100 7 1 0 92 7 1 8 4 100 90 0 100 1 99 1 92 99 94 100 95 
99 1 9 100 4 1 93 9 5 98 6 8 10 98 90 4 98 94 9 98 94 92 94 7 97 0 1 98 96 0 90 92 91 3 91 99 94 97 9 10 100 0 92 7 97 0 0 3 4 2 
7 97 97 8 93 90 0 94 98 10 94 95 93 5 2 99 6 7 99 10 10 3 4 95 0 94 91 1 9 100 4 4 1 91 4 5 7 10 96 97 1 92 0 90 8 97 98 93 92 99 
94 3 2 96 3 6 93 2 8 92 10 0 7 93 100 7 92 93 10 97 90 96 94 8 100 2 6 94 93 9 90 90 90 4 93 97 94 98 5 7 99 7 90 0 97 9 5 8 0 1 
6 90 99 3 94 99 9 91 93 1 99 98 96 6 3 92 9 7 95 8 7 3 10 100 9 93 96 8 0 95 2 9 6 99 10 2 3 6 96 93 1 97 8 97 0 90 90 100 94 99 
93 8 10 98 0 10 92 4 5 91 7 0 9 96 99 8 99 100 5 96 100 94 90 8 91 5 7 100 98 0 96 90 100 7 91 94 100 93 10 9 92 0 97 9 90 0 0 4 7 6 
98 6 7 98 3 4 98 9 8 91 2 0 1 91 95 3 91 97 6 98 100 96 91 4 96 10 8 91 91 4 91 92 100 5 95 90 94 99 9 0 99 0 98 5 90 0 0 4 8 4 
97 10 10 98 10 3 97 2 6 95 2 2 3 97 91 10 98 94 10 98 96 97 94 9 93 2 10 93 93 3 91 100 99 8 92 93 100 100 4 4 94 3 93 8 100 4 4 0 10 1 
96 7 3 97 9 5 100 9 10 98 8 7 5 94 99 10 96 97 8 90 98 95 90 3 92 3 8 100 90 0 90 91 100 2 91 96 97 100 2 5 100 4 92 0 94 7 8 10 0 7 
96 9 4 98 4 10 90 3 8 97 8 4 2 92 94 2 95 100 4 90 95 94 99 9 100 2 7 100 96 6 94 95 96 0 100 94 93 96 7 4 95 2 99 1 99 6 4 1 7 0 
RBBRBBRBBRBBBRRBRRBRRRRBRBBRRBRRRBRRRRBBRBRBRBBBBB
