50
0 93 41 90 88 51 13 54 92 6 53 96 59 2 61 55 90 1 66 76 71 34 91 80 84 97 26 89 43 76 76 87 45 67 42 77 74 42 1 47 12 85 83 65 53 11 36 83 60 26 
93 0 8 6 95 53 45 16 66 69 15 97 16 74 91 23 25 27 86 27 25 91 61 78 45 98 22 81 93 58 13 83 91 15 76 80 78 55 65 84 44 41 27 97 62 43 66 58 19 38 
41 8 0 17 34 70 90 26 61 55 39 29 90 87 9 80 21 11 98 57 75 29 45 89 90 59 43 91 59 11 95 19 60 66 91 52 20 41 77 65 31 13 27 35 85 58 96 69 32 25 
90 6 17 0 95 14 12 3 48 52 67 72 46 96 24 33 100 8 59 50 60 30 22 97 70 62 74 51 13 34 43 54 64 39 89 98 92 16 2 23 24 59 21 30 23 16 43 34 11 41 
88 95 34 95 0 20 8 15 27 39 11 11 54 64 29 56 17 35 88 75 46 9 11 93 47 42 67 19 24 99 49 50 33 42 43 71 15 7 41 38 50 22 93 78 71 32 19 92 14 53 
51 53 70 14 20 0 68 37 46 44 36 62 52 96 33 93 56 88 7 59 27 67 27 88 52 33 11 15 59 9 53 43 27 85 75 100 16 41 28 11 8 2 53 44 11 97 1 65 39 33 
13 45 90 12 8 68 0 42 7 87 6 46 54 40 46 27 82 52 55 85 78 24 19 86 57 94 55 94 58 27 58 45 85 60 10 59 91 41 60 25 83 17 59 54 8 43 43 21 10 38 
54 16 26 3 15 37 42 0 27 73 81 46 24 77 82 29 13 82 58 83 100 2 26 62 19 85 23 5 54 48 45 100 35 50 17 3 20 32 41 47 20 65 56 13 6 99 73 79 88 41 
92 66 61 48 27 46 7 27 0 96 52 40 11 18 1 61 87 40 44 90 76 45 91 54 71 71 3 62 76 76 73 89 46 57 68 94 13 38 39 29 77 81 50 29 99 68 68 69 79 23 
6 69 55 52 39 44 87 73 96 0 73 11 96 72 43 61 40 9 3 57 8 82 10 40 90 25 13 28 48 16 48 95 14 72 86 1 6 38 55 95 88 1 74 84 58 24 70 55 81 100 
53 15 39 67 11 36 6 81 52 73 0 70 13 92 28 96 67 23 85 57 86 38 21 41 23 67 23 1 7 43 25 7 34 20 52 84 75 39 59 68 92 56 14 41 47 40 35 3 28 43 
96 97 29 72 11 62 46 46 40 11 70 0 6 78 4 44 8 56 4 68 37 95 69 57 32 76 37 1 29 83 74 13 9 57 77 14 70 35 56 51 50 83 21 1 87 62 85 23 62 55 
59 16 90 46 54 52 54 24 11 96 13 6 0 32 49 57 83 97 13 27 69 54 53 41 65 75 95 31 32 52 62 43 59 86 49 76 41 66 84 38 45 24 87 67 54 46 83 18 69 2 
2 74 87 96 64 96 40 77 18 72 92 78 32 0 32 47 42 81 19 49 50 28 9 86 48 4 92 53 39 69 76 36 53 71 34 60 61 59 93 36 1 47 12 87 81 84 58 7 86 69 
61 91 9 24 29 33 46 82 1 43 28 4 49 32 0 96 80 9 22 45 53 24 3 42 81 55 33 93 77 39 3 88 30 57 18 72 45 84 57 50 87 54 3 33 30 76 99 1 45 47 
55 23 80 33 56 93 27 29 61 61 96 44 57 47 96 0 82 49 67 99 93 9 87 83 18 21 48 72 33 43 25 19 67 18 84 35 23 77 30 64 53 85 31 83 85 67 25 44 76 62 
90 25 21 100 17 56 82 13 87 40 67 8 83 42 80 82 0 63 30 84 29 2 50 4 59 46 22 97 15 24 31 28 23 9 26 79 7 2 32 30 85 8 100 23 3 91 62 22 2 98 
1 27 11 8 35 88 52 82 40 9 23 56 97 81 9 49 63 0 32 40 96 23 56 1 15 41 37 18 85 42 30 91 60 34 27 43 31 56 32 64 32 85 77 35 64 4 46 89 16 99 
66 86 98 59 88 7 55 58 44 3 85 4 13 19 22 67 30 32 0 48 80 6 97 15 84 98 56 96 57 65 95 85 54 40 22 8 100 4 52 37 24 2 88 14 80 26 54 94 16 86 
76 27 57 50 75 59 85 83 90 57 57 68 27 49 45 99 84 40 48 0 57 79 12 17 99 85 93 66 92 64 18 32 22 86 98 19 2 44 89 14 36 64 14 97 92 81 11 34 18 67 
71 25 75 60 46 27 78 100 76 8 86 37 69 50 53 93 29 96 80 57 0 82 95 97 68 91 57 96 44 74 82 79 14 61 90 9 77 17 81 9 94 62 67 89 93 82 94 78 37 52 
34 91 29 30 9 67 24 2 45 82 38 95 54 28 24 9 2 23 6 79 82 0 72 85 59 2 44 22 31 79 25 86 61 73 53 35 37 34 86 4 95 44 58 88 35 73 74 53 20 69 
91 61 45 22 11 27 19 26 91 10 21 69 53 9 3 87 50 56 97 12 95 72 0 50 7 44 65 69 56 16 56 65 39 99 25 11 56 86 78 75 76 57 78 23 47 41 15 43 9 60 
80 78 89 97 93 88 86 62 54 40 41 57 41 86 42 83 4 1 15 17 97 85 50 0 90 89 81 13 48 98 31 7 41 93 65 58 25 91 37 7 36 66 42 98 94 72 69 57 43 78 
84 45 90 70 47 52 57 19 71 90 23 32 65 48 81 18 59 15 84 99 68 59 7 90 0 32 85 26 53 100 74 69 61 22 10 57 59 70 77 45 13 20 90 38 86 18 4 2 71 63 
97 98 59 62 42 33 94 85 71 25 67 76 75 4 55 21 46 41 98 85 91 2 44 89 32 0 74 57 30 28 77 91 9 74 38 75 36 20 78 26 45 95 72 33 78 49 68 100 80 8 
26 22 43 74 67 11 55 23 3 13 23 37 95 92 33 48 22 37 56 93 57 44 65 81 85 74 0 76 98 17 34 50 57 17 35 27 9 80 23 31 96 48 89 2 36 58 39 43 43 75 
89 81 91 51 19 15 94 5 62 28 1 1 31 53 93 72 97 18 96 66 96 22 69 13 26 57 76 0 2 64 31 78 62 2 19 85 81 2 14 91 63 20 24 35 60 59 2 70 47 46 
43 93 59 13 24 59 58 54 76 48 7 29 32 39 77 33 15 85 57 92 44 31 56 48 53 30 98 2 0 63 38 73 42 73 61 94 74 71 9 60 43 79 33 24 31 38 90 22 63 59 
76 58 11 34 99 9 27 48 76 16 43 83 52 69 39 43 24 42 65 64 74 79 16 98 100 28 17 64 63 0 82 25 79 62 96 91 16 42 66 13 61 86 68 61 82 21 12 16 87 19 
76 13 95 43 49 53 58 45 73 48 25 74 62 76 3 25 31 30 95 18 82 25 56 31 74 77 34 31 38 82 0 92 29 19 1 56 73 21 18 88 2 89 6 63 47 4 38 96 60 19 
87 83 19 54 50 43 45 100 89 95 7 13 43 36 88 19 28 91 85 32 79 86 65 7 69 91 50 78 73 25 92 0 54 99 58 73 19 46 65 73 29 78 19 80 53 59 63 82 37 74 
45 91 60 64 33 27 85 35 46 14 34 9 59 53 30 67 23 60 54 22 14 61 39 41 61 9 57 62 42 79 29 54 0 57 73 63 96 40 83 40 38 31 51 6 74 33 71 93 33 12 
67 15 66 39 42 85 60 50 57 72 20 57 86 71 57 18 9 34 40 86 61 73 99 93 22 74 17 2 73 62 19 99 57 0 80 75 14 98 76 14 22 64 90 79 64 1 66 39 91 5 
42 76 91 89 43 75 10 17 68 86 52 77 49 34 18 84 26 27 22 98 90 53 25 65 10 38 35 19 61 96 1 58 73 80 0 14 15 2 97 100 77 44 30 66 26 79 56 19 54 12 
77 80 52 98 71 100 59 3 94 1 84 14 76 60 72 35 79 43 8 19 9 35 11 58 57 75 27 85 94 91 56 73 63 75 14 0 70 9 86 52 42 66 16 35 41 39 69 11 25 47 
74 78 20 92 15 16 91 20 13 6 75 70 41 61 45 23 7 31 100 2 77 37 56 25 59 36 9 81 74 16 73 19 96 14 15 70 0 89 12 5 82 66 1 71 90 14 15 97 36 79 
42 55 41 16 7 41 41 32 38 38 39 35 66 59 84 77 2 56 4 44 17 34 86 91 70 20 80 2 71 42 21 46 40 98 2 9 89 0 83 83 57 75 32 30 80 83 20 19 42 13 
1 65 77 2 41 28 60 41 39 55 59 56 84 93 57 30 32 32 52 89 81 86 78 37 77 78 23 14 9 66 18 65 83 76 97 86 12 83 0 86 54 34 31 16 2 47 79 36 6 92 
47 84 65 23 38 11 25 47 29 95 68 51 38 36 50 64 30 64 37 14 9 4 75 7 45 26 31 91 60 13 88 73 40 14 100 52 5 83 86 0 82 62 69 84 96 30 3 70 82 98 
12 44 31 24 50 8 83 20 77 88 92 50 45 1 87 53 85 32 24 36 94 95 76 36 13 45 96 63 43 61 2 29 38 22 77 42 82 57 54 82 0 46 43 29 80 48 59 38 12 1 
85 41 13 59 22 2 17 65 81 1 56 83 24 47 54 85 8 85 2 64 62 44 57 66 20 95 48 20 79 86 89 78 31 64 44 66 66 75 34 62 46 0 69 77 45 4 31 15 64 72 
83 27 27 21 93 53 59 56 50 74 14 21 87 12 3 31 100 77 88 14 67 58 78 42 90 72 89 24 33 68 6 19 51 90 30 16 1 32 31 69 43 69 0 22 93 59 88 54 9 11 
65 97 35 30 78 44 54 13 29 84 41 1 67 87 33 83 23 35 14 97 89 88 23 98 38 33 2 35 24 61 63 80 6 79 66 35 71 30 16 84 29 77 22 0 79 3 71 12 90 74 
53 62 85 23 71 11 8 6 99 58 47 87 54 81 30 85 3 64 80 92 93 35 47 94 86 78 36 60 31 82 47 53 74 64 26 41 90 80 2 96 80 45 93 79 0 56 55 37 10 36 
11 43 58 16 32 97 43 99 68 24 40 62 46 84 76 67 91 4 26 81 82 73 41 72 18 49 58 59 38 21 4 59 33 1 79 39 14 83 47 30 48 4 59 3 56 0 23 54 36 64 
36 66 96 43 19 1 43 73 68 70 35 85 83 58 99 25 62 46 54 11 94 74 15 69 4 68 39 2 90 12 38 63 71 66 56 69 15 20 79 3 59 31 88 71 55 23 0 11 47 92 
83 58 69 34 92 65 21 79 69 55 3 23 18 7 1 44 22 89 94 34 78 53 43 57 2 100 43 70 22 16 96 82 93 39 19 11 97 19 36 70 38 15 54 12 37 54 11 0 97 10 
60 19 32 11 14 39 10 88 79 81 28 62 69 86 45 76 2 16 16 18 37 20 9 43 71 80 43 47 63 87 60 37 33 91 54 25 36 42 6 82 12 64 9 90 10 36 47 97 0 84 
26 38 25 41 53 33 38 41 23 100 43 55 2 69 47 62 98 99 86 67 52 69 60 78 63 8 75 46 59 19 19 74 12 5 12 47 79 13 92 98 1 72 11 74 36 64 92 10 84 0 
BBBRBBBBBRRRRBRBRBRRRRRBRRRRBRBBRRRBRRBRBBBBBBRBBR
