50
0 6 64 10 28 6 100 85 22 15 73 9 8 61 54 36 95 47 17 95 6 5 75 51 88 15 85 11 71 77 43 17 32 89 82 9 11 88 3 82 40 54 4 92 6 67 36 33 30 54 
6 0 73 6 20 63 23 37 29 56 31 76 98 67 55 27 33 61 56 19 94 18 59 87 23 22 53 14 75 25 62 37 32 85 8 89 21 100 36 38 62 13 95 31 68 68 24 53 100 45 
64 73 0 67 66 55 74 11 21 45 41 33 0 75 1 13 67 62 54 98 34 51 41 38 86 63 37 14 13 15 88 49 23 82 8 33 64 5 50 21 94 69 74 41 26 89 3 81 14 84 
10 6 67 0 29 74 84 96 14 64 12 4 70 14 84 63 61 39 27 51 66 19 26 47 55 37 85 43 50 53 71 42 19 50 84 98 38 94 34 68 33 23 52 100 55 77 41 72 62 10 
28 20 66 29 0 30 46 20 77 68 80 93 83 22 47 85 14 65 10 52 73 48 48 44 83 24 64 63 31 59 76 91 25 55 80 36 57 63 21 49 14 93 21 72 81 84 95 77 81 34 
6 63 55 74 30 0 7 83 85 17 28 47 57 6 75 72 49 43 82 75 57 45 18 71 57 54 90 12 62 23 62 93 45 27 40 33 66 38 17 9 87 58 54 64 57 53 82 54 0 60 
100 23 74 84 46 7 0 51 36 93 57 27 78 100 36 51 36 48 16 23 32 13 83 76 51 9 64 70 77 13 77 57 13 48 61 49 48 10 96 96 18 93 69 85 40 51 75 60 0 27 
85 37 11 96 20 83 51 0 70 32 27 21 91 31 18 55 23 88 80 44 63 7 66 42 74 32 93 52 13 63 61 48 35 61 21 57 92 83 49 5 39 46 61 12 89 4 86 3 36 33 
22 29 21 14 77 85 36 70 0 6 77 3 87 67 21 69 68 75 60 12 43 76 29 48 77 65 63 4 14 68 100 43 91 67 60 97 82 32 55 82 11 7 82 77 57 9 97 71 42 59 
15 56 45 64 68 17 93 32 6 0 90 12 54 37 43 54 0 44 9 9 56 35 88 62 77 77 13 93 70 71 29 19 87 35 36 94 28 20 25 35 72 31 58 32 45 8 84 20 42 69 
73 31 41 12 80 28 57 27 77 90 0 4 40 42 64 55 46 98 19 95 6 66 65 78 73 97 0 30 2 78 68 44 73 88 37 63 91 67 50 75 70 70 38 52 63 9 20 74 84 65 
9 76 33 4 93 47 27 21 3 12 4 0 36 63 22 11 81 32 10 16 62 83 98 5 63 100 18 6 14 32 37 25 32 20 53 74 42 71 13 50 74 12 96 79 56 94 96 85 12 77 
8 98 0 70 83 57 78 91 87 54 40 36 0 12 41 81 10 94 57 42 66 65 81 98 48 73 63 98 62 6 89 31 81 68 85 0 45 56 87 92 64 73 93 44 91 10 63 48 15 62 
61 67 75 14 22 6 100 31 67 37 42 63 12 0 87 84 2 49 57 6 65 64 40 52 25 82 4 98 14 35 95 29 4 40 30 86 33 84 79 91 34 90 30 13 45 96 58 77 1 75 
54 55 1 84 47 75 36 18 21 43 64 22 41 87 0 57 35 10 26 70 55 26 26 18 65 6 97 4 49 32 7 91 93 98 52 25 18 51 100 27 10 20 65 87 35 35 94 100 95 41 
36 27 13 63 85 72 51 55 69 54 55 11 81 84 57 0 92 11 85 28 7 66 33 87 92 33 21 10 94 28 42 96 96 69 52 83 20 99 78 50 15 99 90 50 45 13 76 91 56 12 
95 33 67 61 14 49 36 23 68 0 46 81 10 2 35 92 0 12 72 67 24 73 0 74 96 16 2 45 17 60 62 1 41 41 3 33 92 60 61 97 51 0 93 25 44 4 73 8 67 29 
47 61 62 39 65 43 48 88 75 44 98 32 94 49 10 11 12 0 8 43 18 69 26 22 23 46 41 86 1 46 94 5 66 4 44 69 9 6 85 36 50 18 84 19 80 45 54 31 2 99 
17 56 54 27 10 82 16 80 60 9 19 10 57 57 26 85 72 8 0 60 91 0 21 53 24 39 24 14 75 53 92 58 82 48 44 2 64 67 95 84 47 60 96 67 11 10 22 4 71 5 
95 19 98 51 52 75 23 44 12 9 95 16 42 6 70 28 67 43 60 0 4 32 46 12 83 70 31 4 79 51 14 84 50 32 75 19 20 73 75 35 6 83 75 91 47 86 91 14 93 75 
6 94 34 66 73 57 32 63 43 56 6 62 66 65 55 7 24 18 91 4 0 1 55 29 68 19 33 33 25 6 17 52 19 28 11 13 36 46 75 53 44 76 68 82 91 100 39 2 91 94 
5 18 51 19 48 45 13 7 76 35 66 83 65 64 26 66 73 69 0 32 1 0 95 92 14 34 23 67 47 57 10 74 57 72 18 0 68 70 59 82 60 72 15 82 57 76 100 88 83 8 
75 59 41 26 48 18 83 66 29 88 65 98 81 40 26 33 0 26 21 46 55 95 0 48 89 26 77 19 7 58 12 3 44 52 83 31 88 75 74 99 13 75 60 12 54 92 68 63 69 67 
51 87 38 47 44 71 76 42 48 62 78 5 98 52 18 87 74 22 53 12 29 92 48 0 67 24 40 51 92 94 48 41 5 56 46 40 43 81 76 62 60 6 36 50 85 72 36 92 92 88 
88 23 86 55 83 57 51 74 77 77 73 63 48 25 65 92 96 23 24 83 68 14 89 67 0 41 87 86 80 66 62 65 98 22 24 94 60 6 53 14 52 53 10 93 9 100 53 98 94 39 
15 22 63 37 24 54 9 32 65 77 97 100 73 82 6 33 16 46 39 70 19 34 26 24 41 0 24 22 9 72 71 79 1 61 99 40 10 2 1 81 43 53 53 96 92 29 85 69 21 79 
85 53 37 85 64 90 64 93 63 13 0 18 63 4 97 21 2 41 24 31 33 23 77 40 87 24 0 96 42 74 79 5 79 47 35 74 67 26 48 37 3 42 15 55 65 85 63 49 8 46 
11 14 14 43 63 12 70 52 4 93 30 6 98 98 4 10 45 86 14 4 33 67 19 51 86 22 96 0 67 4 29 93 47 16 3 13 11 79 93 98 60 59 75 43 21 60 28 22 27 22 
71 75 13 50 31 62 77 13 14 70 2 14 62 14 49 94 17 1 75 79 25 47 7 92 80 9 42 67 0 92 39 18 56 26 23 97 87 65 25 24 71 8 83 30 77 6 45 92 72 80 
77 25 15 53 59 23 13 63 68 71 78 32 6 35 32 28 60 46 53 51 6 57 58 94 66 72 74 4 92 0 16 89 12 66 49 34 96 10 26 71 74 90 22 36 65 24 76 88 50 50 
43 62 88 71 76 62 77 61 100 29 68 37 89 95 7 42 62 94 92 14 17 10 12 48 62 71 79 29 39 16 0 87 86 10 77 86 38 32 63 82 56 34 39 27 62 51 61 97 14 28 
17 37 49 42 91 93 57 48 43 19 44 25 31 29 91 96 1 5 58 84 52 74 3 41 65 79 5 93 18 89 87 0 66 26 43 84 81 59 82 46 6 24 29 4 95 47 22 16 47 47 
32 32 23 19 25 45 13 35 91 87 73 32 81 4 93 96 41 66 82 50 19 57 44 5 98 1 79 47 56 12 86 66 0 70 55 80 75 96 69 28 12 19 13 90 55 34 62 55 65 29 
89 85 82 50 55 27 48 61 67 35 88 20 68 40 98 69 41 4 48 32 28 72 52 56 22 61 47 16 26 66 10 26 70 0 56 12 1 13 16 18 91 1 98 1 48 67 79 51 27 47 
82 8 8 84 80 40 61 21 60 36 37 53 85 30 52 52 3 44 44 75 11 18 83 46 24 99 35 3 23 49 77 43 55 56 0 3 89 98 63 18 86 71 94 92 83 98 62 50 50 85 
9 89 33 98 36 33 49 57 97 94 63 74 0 86 25 83 33 69 2 19 13 0 31 40 94 40 74 13 97 34 86 84 80 12 3 0 55 46 73 99 20 55 76 92 38 71 91 48 51 70 
11 21 64 38 57 66 48 92 82 28 91 42 45 33 18 20 92 9 64 20 36 68 88 43 60 10 67 11 87 96 38 81 75 1 89 55 0 38 58 15 92 39 60 79 59 85 98 0 50 9 
88 100 5 94 63 38 10 83 32 20 67 71 56 84 51 99 60 6 67 73 46 70 75 81 6 2 26 79 65 10 32 59 96 13 98 46 38 0 52 50 70 27 27 59 67 82 75 99 80 46 
3 36 50 34 21 17 96 49 55 25 50 13 87 79 100 78 61 85 95 75 75 59 74 76 53 1 48 93 25 26 63 82 69 16 63 73 58 52 0 24 37 30 97 35 19 63 5 8 80 99 
82 38 21 68 49 9 96 5 82 35 75 50 92 91 27 50 97 36 84 35 53 82 99 62 14 81 37 98 24 71 82 46 28 18 18 99 15 50 24 0 94 34 100 71 87 65 64 65 36 33 
40 62 94 33 14 87 18 39 11 72 70 74 64 34 10 15 51 50 47 6 44 60 13 60 52 43 3 60 71 74 56 6 12 91 86 20 92 70 37 94 0 18 9 66 51 86 13 100 28 7 
54 13 69 23 93 58 93 46 7 31 70 12 73 90 20 99 0 18 60 83 76 72 75 6 53 53 42 59 8 90 34 24 19 1 71 55 39 27 30 34 18 0 79 24 46 97 47 55 93 88 
4 95 74 52 21 54 69 61 82 58 38 96 93 30 65 90 93 84 96 75 68 15 60 36 10 53 15 75 83 22 39 29 13 98 94 76 60 27 97 100 9 79 0 9 32 24 36 4 37 10 
92 31 41 100 72 64 85 12 77 32 52 79 44 13 87 50 25 19 67 91 82 82 12 50 93 96 55 43 30 36 27 4 90 1 92 92 79 59 35 71 66 24 9 0 85 77 7 92 16 33 
6 68 26 55 81 57 40 89 57 45 63 56 91 45 35 45 44 80 11 47 91 57 54 85 9 92 65 21 77 65 62 95 55 48 83 38 59 67 19 87 51 46 32 85 0 81 64 86 69 13 
67 68 89 77 84 53 51 4 9 8 9 94 10 96 35 13 4 45 10 86 100 76 92 72 100 29 85 60 6 24 51 47 34 67 98 71 85 82 63 65 86 97 24 77 81 0 21 61 83 52 
36 24 3 41 95 82 75 86 97 84 20 96 63 58 94 76 73 54 22 91 39 100 68 36 53 85 63 28 45 76 61 22 62 79 62 91 98 75 5 64 13 47 36 7 64 21 0 73 99 22 
33 53 81 72 77 54 60 3 71 20 74 85 48 77 100 91 8 31 4 14 2 88 63 92 98 69 49 22 92 88 97 16 55 51 50 48 0 99 8 65 100 55 4 92 86 61 73 0 27 10 
30 100 14 62 81 0 0 36 42 42 84 12 15 1 95 56 67 2 71 93 91 83 69 92 94 21 8 27 72 50 14 47 65 27 50 51 50 80 80 36 28 93 37 16 69 83 99 27 0 6 
54 45 84 10 34 60 27 33 59 69 65 77 62 75 41 12 29 99 5 75 94 8 67 88 39 79 46 22 80 50 28 47 29 47 85 70 9 46 99 33 7 88 10 33 13 52 22 10 6 0 
BRBRBRBBRRBBBBRBBRBRBRRBRBRRBRBBBBBRRRRBRBRRRRBBRR
