317
341
614
200
175
466
1012
201
39
197
25
2674
164
203
224
3013
579
379
89
428
270
272
185
596
473
1635
209
236
234
51
252
189
68
445
253
79
1275
408
966
252
1437
255
313
122
1839
272
570
549
289
309
217
67
214
32
79
276
52
8
101
102
204
556
482
4
643
1273
310
250
218
0
12
44
180
78
268
187
245
1213
270
940
970
18
1506
86
243
1
184
210
10
84
211
269
0
103
1094
190
227
213
28
250
19
83
284
151
98
782
264
268
509
939
31
14
279
556
239
302
128
214
224
288
987
7
222
1960
214
974
632
177
4702
244
1266
247
240
142
15
108
0
274
458
226
1310
3450
750
826
1225
330
258
1287
272
833
183
288
609
228
101
69
230
1243
192
134
1237
343
277
3013
137
206
977
2200
237
321
1024
309
190
250
271
20
257
222
980
929
206
800
97
221
292
1025
960
260
165
220
247
73
195
737
552
251
242
29
232
234
1482
237
253
23
1344
1324
88
289
203
191
226
77
124
63
157
3747
833
616
138
425
308
277
685
258
2031
0
978
1073
7
743
23
573
230
235
264
253
79
173
209
0
108
143
680
83
363
280
390
0
79
71
1236
297
265
59
1227
0
171
651
47
457
68
84
213
891
257
934
724
251
90
326
223
457
14
219
227
306
1152
278
707
12
230
100
0
49
249
135
287
1937
419
18
136
257
0
632
607
1672
930
228
564
82
157
274
304
160
1177
114
0
1118
0
51
241
221
386
381
2556
1020
79
4091
209
232
207
568
202
340
-1
221
739
214
272
185
184
225
244
514
0
200
111
5
410
329
223
1706
194
178
213
217
230
258
253
963
77
205
1250
1044
259
19
97
190
1700
85
160
37
115
14
1320
232
0
231
1319
420
198
370
161
200
1109
68
1296
230
179
215
83
28
73
1
1
306
98
479
453
1388
226
262
300
190
10
1695
196
264
64
62
588
1049
3020
230
16
172
68
217
482
366
288
213
1144
49
136
240
49
161
250
241
487
247
238
797
227
143
291
162
195
254
1268
90
269
330
6
161
97
250
1070
159
232
1830
2816
268
3486
48
6
2336
644
1013
47
388
232
250
555
777
527
189
196
304
0
1225
256
1640
87
215
1236
2102
29
247
79
98
1359
185
30
207
2562
205
426
269
1831
6
783
468
729
231
190
68
2493
226
995
218
26
643
171
