1170
343
721
571
434
512
1223
580
44
277
29
2971
387
520
627
3167
814
1820
112
670
545
588
1085
767
546
1772
603
630
565
63
503
1181
202
652
651
1418
1419
912
1089
579
1527
565
752
142
2110
594
843
990
714
697
604
184
517
55
883
616
52
18
1450
185
560
1247
861
7
893
1526
641
272
539
193
19
1231
497
1465
416
406
520
1814
578
940
1170
101
1626
236
544
1
1360
538
11
491
586
410
1244
105
1324
543
611
652
132
339
117
162
619
264
207
1945
534
549
559
1672
32
316
329
758
587
600
277
1147
539
608
1317
34
564
2101
674
1075
684
1074
4702
523
1878
548
539
226
21
393
13
612
1148
1470
2210
3450
1645
1220
1909
427
583
1976
620
953
641
625
1318
546
275
74
501
2215
533
383
1725
1975
621
3185
966
435
1173
2519
482
710
1447
701
711
619
610
20
497
570
980
936
219
1925
231
551
376
1250
1070
558
559
502
492
388
446
1232
947
320
712
29
623
493
2096
503
604
39
1555
1514
118
676
570
640
403
209
171
103
272
3751
1904
961
772
1203
1478
692
1557
521
2309
167
1248
1661
10
1473
59
859
737
558
576
614
882
1025
455
1
193
259
995
194
1251
527
-1
0
1035
1228
1240
705
1217
211
2225
16
247
837
926
683
1346
149
504
1247
551
1671
1509
626
286
1896
637
655
573
594
534
405
1537
1369
1528
18
573
2000
1185
50
572
693
627
2045
639
93
228
579
126
914
1062
1798
1215
1125
785
314
229
620
366
502
1926
456
0
1284
0
68
523
592
818
838
2569
1225
224
4194
553
593
535
773
405
1362
-1
556
1161
565
559
580
1588
1073
414
638
0
304
310
6
808
1525
604
1859
446
657
511
616
541
597
567
1268
1192
498
1278
1298
641
26
98
555
2100
748
223
220
1655
295
1522
522
0
517
1484
700
612
761
374
569
1369
133
1406
1222
1417
509
133
1100
74
1
1201
754
269
1623
514
1400
477
676
716
614
211
1850
506
514
96
244
1157
1463
3123
552
18
415
90
579
915
733
1573
520
1736
51
866
387
546
548
561
603
494
1456
556
1078
677
364
300
208
556
627
2166
422
303
376
6
508
209
545
1096
164
567
2165
3210
637
3583
49
6
2926
1000
1202
1829
521
581
499
908
1177
1027
544
537
626
1100
1307
677
1774
108
484
1651
2102
49
642
1029
160
1773
490
1070
522
2754
453
664
616
2722
6
1797
627
879
576
532
106
2637
618
1588
516
26
1930
506
