-1
-1
-1
-1
-1
466
-1
-1
128
768
25
-1
-1
-1
-1
-1
2833
-1
89
-1
-1
-1
185
-1
473
-1
-1
-1
-1
-1
-1
1334
-1
-1
2467
635
-1
527
-1
-1
2007
-1
-1
122
-1
-1
-1
-1
-1
-1
-1
-1
-1
139
146
-1
52
8
-1
-1
-1
-1
-1
4
-1
-1
-1
490
-1
-1
12
1730
-1
47
268
-1
1646
-1
-1
960
-1
-1
3150
-1
-1
100
-1
-1
10
-1
-1
-1
-1
103
-1
-1
-1
-1
28
251
19
83
-1
-1
-1
-1
2596
-1
-1
2029
31
618
764
513
-1
-1
121
-1
-1
-1
-1
-1
-1
-1
-1
3545
-1
530
-1
-1
-1
-1
-1
130
-1
-1
-1
-1
-1
-1
-1
-1
1977
-1
-1
328
-1
-1
-1
-1
-1
-1
1974
-1
-1
69
-1
-1
-1
-1
-1
2324
-1
-1
137
-1
-1
-1
-1
-1
-1
-1
-1
-1
-1
20
1565
-1
980
1683
206
-1
148
-1
285
-1
-1
-1
-1
-1
-1
1168
-1
247
-1
-1
-1
29
-1
-1
-1
-1
-1
23
-1
-1
-1
-1
-1
-1
-1
-1
124
63
157
3759
-1
3089
47
425
-1
-1
-1
-1
-1
-1
-1
-1
7
-1
23
-1
-1
-1
-1
-1
47
-1
-1
0
-1
143
-1
83
-1
-1
1173
0
47
-1
-1
-1
3183
-1
-1
-1
171
2899
235
716
-1
-1
-1
1233
2304
2980
-1
-1
61
-1
-1
2425
23
-1
-1
306
-1
-1
-1
12
-1
-1
-1
49
-1
47
-1
-1
-1
18
368
-1
-1
-1
-1
-1
-1
47
-1
-1
157
-1
-1
-1
-1
-1
0
-1
0
100
1882
-1
-1
381
-1
-1
-1
-1
-1
-1
-1
-1
-1
1537
-1
-1
2818
-1
-1
-1
-1
-1
-1
-1
0
1540
1216
5
-1
-1
-1
-1
-1
-1
-1
-1
-1
-1
-1
-1
-1
-1
-1
-1
2676
19
-1
-1
-1
-1
143
37
115
21
-1
-1
0
-1
-1
-1
-1
-1
-1
2371
-1
-1
1660
247
-1
-1
83
-1
73
1
1
-1
-1
-1
-1
2450
-1
-1
-1
-1
10
-1
-1
-1
64
58
2055
-1
-1
-1
16
1649
68
2564
-1
-1
-1
-1
-1
-1
47
237
49
-1
-1
-1
487
-1
-1
-1
-1
1440
290
162
-1
-1
2711
-1
269
-1
6
161
148
-1
-1
-1
-1
-1
-1
-1
-1
-1
6
-1
-1
-1
47
-1
-1
-1
-1
-1
247
-1
-1
-1
-1
1225
-1
-1
-1
-1
-1
2300
25
-1
47
-1
-1
-1
-1
-1
-1
-1
2158
-1
-1
6
638
475
-1
-1
-1
68
-1
-1
-1
-1
26
-1
-1
