317
343
622
203
191
479
1037
202
39
214
25
2700
173
229
224
3022
584
529
123
436
278
278
185
602
486
1673
219
243
239
53
268
387
75
532
269
324
1282
468
982
276
1472
256
319
139
1845
272
583
565
289
342
219
71
214
36
79
299
200
8
369
105
204
556
551
4
645
1273
324
250
241
0
14
44
180
128
273
197
245
1214
300
940
985
18
1535
90
249
1
387
228
11
84
211
292
104
103
1096
195
233
228
40
251
19
88
299
157
98
916
279
273
514
996
31
14
282
754
254
325
131
397
248
288
1001
9
226
1969
229
995
632
179
4702
258
1275
249
247
155
15
149
0
282
458
276
1320
3450
836
843
1243
345
258
1291
303
848
183
292
1055
246
104
69
230
1253
217
155
1286
441
312
3019
137
228
983
2200
237
332
1053
309
212
255
291
20
285
225
980
929
254
879
97
231
298
1035
1068
282
177
241
269
73
204
1034
565
256
271
29
248
237
1622
239
264
23
1349
1335
91
304
211
214
235
88
124
71
185
3747
923
627
403
425
562
286
836
282
2059
3
1017
1116
8
790
23
619
262
244
268
259
79
214
210
0
108
188
682
133
653
280
427
0
79
274
1259
304
460
70
1233
1
176
655
142
463
272
92
222
969
263
1010
842
251
107
326
229
457
54
229
227
306
1198
376
761
13
241
100
114
49
249
313
289
1937
437
49
136
276
0
662
628
1722
964
276
599
82
167
280
309
175
1187
162
0
1127
0
51
285
222
401
552
2559
1035
90
4092
209
235
207
594
202
428
695
221
769
214
286
189
230
227
258
-1
0
205
114
5
413
628
226
1751
196
192
236
223
262
291
273
978
222
205
1250
1055
267
20
98
200
1700
204
165
37
211
95
1320
248
0
240
1326
420
201
385
189
221
1119
74
1345
230
325
219
116
270
74
1
1
325
98
630
466
1388
237
272
311
190
15
1734
205
275
72
104
596
1063
3020
230
17
186
68
266
533
368
288
225
1144
49
578
244
49
162
268
241
487
331
256
797
235
173
298
184
206
273
1322
99
294
335
6
162
97
250
1070
159
253
1839
2817
309
3486
49
6
2387
676
1052
47
410
232
254
585
798
527
209
196
338
50
1225
275
1645
88
227
1279
2102
29
247
79
98
1372
185
275
207
2582
219
438
284
1831
6
834
489
729
231
203
69
2503
244
1115
230
26
643
175
